Output 1 (1y):

Model Accuracy: 0.6046737669217968
Next 30 days prediction:
[140.79085239 140.6693973  142.52368164 141.61678404 141.71394811
 141.5762949  141.50342184 149.81128339 147.75456567 153.81946188
 155.06645843 153.82756712 151.34977215 151.77892993 148.79102359
 150.62101692 153.48746817 153.70609968 150.88012522 156.28915161
 158.60498999 161.26900786 161.34998616 166.16789817 168.61329689
 171.4311661  175.91709677 177.60133163 185.50433877 189.80402182]


Output 2 (1y):

Model Accuracy: 0.6118632936994548
Next 30 days prediction:
[140.59802292 140.48033819 142.27705957 141.398315   141.49246278
 141.35908276 141.28847192 149.3384307  147.34556012 153.22218243
 154.43046819 153.23003606 150.82915982 151.24499516 148.34984305
 150.12302749 152.90049487 153.11233935 150.37409224 155.61520504
 157.85915234 160.44047052 160.51893499 165.1872835  167.55676917
 170.28716265 174.63383558 176.26578637 183.92345873 188.08966578]


Output 3 (5y):

Model Accuracy: 0.9016896311899558
Next 30 days prediction:
[139.43483181 139.28971987 141.50517917 140.4216373  140.53772686
 140.37326174 140.28619457 150.21224996 147.75492759 155.00113594
 156.49102077 155.01081991 152.05040344 152.56315199 148.99326536
 151.17970227 154.60447695 154.86569321 151.48927933 157.95186844
 160.71878264 163.90169424 163.99844538 169.75478367 172.67649378
 176.04322369 181.40291776 183.41520557 192.85754957 197.99471897]

Output 4 (1m):

Here as the dataset is too small you only get program crashes or errors.
